0.00
0.03
0.07
0.12
0.18
0.24
0.28
0.30
0.29
0.25
0.18
0.10
0.02
-0.05
-0.11
-0.15
-0.17
-0.17
-0.15
-0.12
-0.08
-0.04
0.00
0.04
0.09
0.15
0.23
0.33
0.45
0.60
0.78
1.00
1.25
1.55
1.90
2.30
2.75
3.25
3.80
4.40
5.05
5.75
6.50
7.30
8.15
9.05
10.00
10.95
11.90
12.80
13.65
14.40
15.05
15.60
16.05
16.40
16.65
16.80
16.85
16.80
16.60
16.30
15.90
15.40
14.85
14.15
13.35
12.50
11.60
10.70
9.80
8.95
8.15
7.40
6.75
6.15
5.60
5.10
4.65
4.25
3.90
3.60
3.35
3.15
2.95
2.75
2.55
2.35
2.15
1.95
1.75
1.55
1.35
1.15
0.95
0.75
0.55
0.35
0.15
-0.05
-0.25
-0.45
-0.65
-0.85
-1.05
-1.25
-1.45
-1.65
-1.85
-2.05
-2.25
-2.45
-2.65
-2.85
-3.05
-3.25
-3.45
-3.65
-3.85
-4.05
-4.25
-4.45
-4.65
-4.85
-5.05
-5.25
-5.45
-5.65
-5.85
-6.05
-6.25
-6.45
-6.65
-6.85
-7.05
-7.25
-7.45
-7.65
-7.85
-8.05
-8.25
-8.45
-8.65
-8.85
-9.05
-9.25
-9.45
-9.65
-9.85
-10.05
-10.25
-10.45
-10.65
-10.85
-11.05
-11.25
-11.45
-11.65
-11.85
-12.05
-12.25
-12.45
-12.65
-12.85
-13.05
-13.25
-13.45
-13.65
-13.85
-14.05
-14.25
-14.45
-14.65
-14.85
-15.05
-15.25
-15.45
-15.65
-15.85
-16.05
-16.25
-16.45
-16.65
-16.85
-17.05
-17.25
-17.45
-17.65
-17.85
-18.05
-18.25
-18.45
-18.65
-18.85
-19.05
-19.25
-19.45
-19.65
-19.85
-20.05
-20.25
-20.45
-20.65
-20.85
-21.05
-21.25
-21.45
-21.65
-21.85
-22.05
